ANALYZING FOLDER: F:\PRIVAT W BACKUP\Photos\2005-2 清华本科\20080126-0205 西行掠影
======================================================================

Found 4 folder(s) with JPG files
======================================================================

######################################################################
# FOLDER 1/4: (root)
######################################################################

======================================================================
SUMMARY
======================================================================

     Metric  Actual Focal Length  35mm Equivalent
      Count           610.000000       610.000000
   Min (mm)             6.300000        45.000000
   Max (mm)            63.000000       452.000000
  Mean (mm)             9.633115        68.970492
Median (mm)             6.300000        45.000000

35mm Equivalent Frequency Distribution:
 Focal Length (mm)  Count  Percentage (%)  Cumulative (%)
                45    418           68.52           68.52
                46      6            0.98           69.50
                47      2            0.33           69.83
                48      4            0.66           70.49
                49      4            0.66           71.15
                50      2            0.33           71.48
                51      6            0.98           72.46
                52      8            1.31           73.77
                53      2            0.33           74.10
                54      2            0.33           74.43
                55      4            0.66           75.09
                56      4            0.66           75.75
                57      8            1.31           77.06
                60      6            0.98           78.04
                62      2            0.33           78.37
                65      6            0.98           79.35
                67      2            0.33           79.68
                70      6            0.98           80.66
                72      4            0.66           81.32
                75      6            0.98           82.30
                76      2            0.33           82.63
                77      2            0.33           82.96
                79      2            0.33           83.29
                80      2            0.33           83.62
                82      4            0.66           84.28
                85      2            0.33           84.61
                86      4            0.66           85.27
                89      2            0.33           85.60
                91      2            0.33           85.93
                92      6            0.98           86.91
                95      4            0.66           87.57
                97     10            1.64           89.21
                98      2            0.33           89.54
               103      2            0.33           89.87
               105      2            0.33           90.20
               109      2            0.33           90.53
               112      6            0.98           91.51
               136      4            0.66           92.17
               148      6            0.98           93.15
               166      2            0.33           93.48
               171      4            0.66           94.14
               175      4            0.66           94.80
               179      4            0.66           95.46
               195      4            0.66           96.12
               218      2            0.33           96.45
               224      2            0.33           96.78
               239      2            0.33           97.11
               303      2            0.33           97.44
               315      2            0.33           97.77
               328      2            0.33           98.10
               377      2            0.33           98.43
               452     10            1.64          100.07

Files without EXIF/focal length data: 2

######################################################################
# FOLDER 2/4: Best Western
######################################################################

======================================================================
SUMMARY
======================================================================

     Metric  Actual Focal Length  35mm Equivalent
      Count            46.000000        46.000000
   Min (mm)             6.300000        45.000000
   Max (mm)            63.000000       452.000000
  Mean (mm)            11.082609        79.391304
Median (mm)             6.300000        45.000000

35mm Equivalent Frequency Distribution:
 Focal Length (mm)  Count  Percentage (%)  Cumulative (%)
                45     26           56.52           56.52
                53      2            4.35           60.87
                57      2            4.35           65.22
                65      2            4.35           69.57
                72      2            4.35           73.92
                79      2            4.35           78.27
                89      2            4.35           82.62
                92      2            4.35           86.97
               103      2            4.35           91.32
               179      2            4.35           95.67
               452      2            4.35          100.02

Files without EXIF/focal length data: 2

######################################################################
# FOLDER 3/4: Best Western\small
######################################################################

======================================================================
SUMMARY
======================================================================

     Metric  Actual Focal Length  35mm Equivalent
      Count            46.000000        46.000000
   Min (mm)             6.300000        45.000000
   Max (mm)            63.000000       452.000000
  Mean (mm)            11.082609        79.391304
Median (mm)             6.300000        45.000000

35mm Equivalent Frequency Distribution:
 Focal Length (mm)  Count  Percentage (%)  Cumulative (%)
                45     26           56.52           56.52
                53      2            4.35           60.87
                57      2            4.35           65.22
                65      2            4.35           69.57
                72      2            4.35           73.92
                79      2            4.35           78.27
                89      2            4.35           82.62
                92      2            4.35           86.97
               103      2            4.35           91.32
               179      2            4.35           95.67
               452      2            4.35          100.02

Files without EXIF/focal length data: 2

######################################################################
# FOLDER 4/4: CJR
######################################################################

======================================================================
SUMMARY
======================================================================

     Metric  Actual Focal Length  35mm Equivalent
      Count                  8.0              8.0
   Min (mm)                  7.6             37.0
   Max (mm)                 22.8            110.0
  Mean (mm)                 15.2             73.5
Median (mm)                 15.2             73.5

35mm Equivalent Frequency Distribution:
 Focal Length (mm)  Count  Percentage (%)  Cumulative (%)
                37      4            50.0            50.0
               110      4            50.0           100.0


**********************************************************************
**********************************************************************
OVERALL SUMMARY - ALL FOLDERS COMBINED
**********************************************************************
**********************************************************************

======================================================================
SUMMARY
======================================================================

     Metric  Actual Focal Length  35mm Equivalent
      Count           710.000000       710.000000
   Min (mm)             6.300000        37.000000
   Max (mm)            63.000000       452.000000
  Mean (mm)             9.883662        70.371831
Median (mm)             6.300000        45.000000

35mm Equivalent Frequency Distribution:
 Focal Length (mm)  Count  Percentage (%)  Cumulative (%)
                37      4            0.56            0.56
                45    470           66.20           66.76
                46      6            0.85           67.61
                47      2            0.28           67.89
                48      4            0.56           68.45
                49      4            0.56           69.01
                50      2            0.28           69.29
                51      6            0.85           70.14
                52      8            1.13           71.27
                53      6            0.85           72.12
                54      2            0.28           72.40
                55      4            0.56           72.96
                56      4            0.56           73.52
                57     12            1.69           75.21
                60      6            0.85           76.06
                62      2            0.28           76.34
                65     10            1.41           77.75
                67      2            0.28           78.03
                70      6            0.85           78.88
                72      8            1.13           80.01
                75      6            0.85           80.86
                76      2            0.28           81.14
                77      2            0.28           81.42
                79      6            0.85           82.27
                80      2            0.28           82.55
                82      4            0.56           83.11
                85      2            0.28           83.39
                86      4            0.56           83.95
                89      6            0.85           84.80
                91      2            0.28           85.08
                92     10            1.41           86.49
                95      4            0.56           87.05
                97     10            1.41           88.46
                98      2            0.28           88.74
               103      6            0.85           89.59
               105      2            0.28           89.87
               109      2            0.28           90.15
               110      4            0.56           90.71
               112      6            0.85           91.56
               136      4            0.56           92.12
               148      6            0.85           92.97
               166      2            0.28           93.25
               171      4            0.56           93.81
               175      4            0.56           94.37
               179      8            1.13           95.50
               195      4            0.56           96.06
               218      2            0.28           96.34
               224      2            0.28           96.62
               239      2            0.28           96.90
               303      2            0.28           97.18
               315      2            0.28           97.46
               328      2            0.28           97.74
               377      2            0.28           98.02
               452     14            1.97           99.99


Report saved to: D:\camera_kits\focal_length_analysis_20260205_193132\20080126-0205 西行掠影.txt
