ANALYZING FOLDER: F:\PRIVAT W BACKUP\Photos\2009 清华硕士\20120625 送别李恩
======================================================================

Found 1 folder(s) with JPG files
======================================================================

######################################################################
# FOLDER 1/1: (root)
######################################################################

======================================================================
SUMMARY
======================================================================

     Metric  Actual Focal Length  35mm Equivalent
      Count           304.000000       304.000000
   Min (mm)            24.000000        24.000000
   Max (mm)           105.000000       105.000000
  Mean (mm)            47.322368        47.322368
Median (mm)            37.500000        37.500000

35mm Equivalent Frequency Distribution:
 Focal Length (mm)  Count  Percentage (%)  Cumulative (%)
                24    130           42.76           42.76
                28     12            3.95           46.71
                32      4            1.32           48.03
                35      6            1.97           50.00
                40     16            5.26           55.26
                45     12            3.95           59.21
                47      8            2.63           61.84
                50     14            4.61           66.45
                55     12            3.95           70.40
                58      8            2.63           73.03
                60      2            0.66           73.69
                65      6            1.97           75.66
                67      4            1.32           76.98
                70      4            1.32           78.30
                73      2            0.66           78.96
                75     10            3.29           82.25
                80      2            0.66           82.91
                82      4            1.32           84.23
                84      4            1.32           85.55
                85      2            0.66           86.21
                90      2            0.66           86.87
                92      4            1.32           88.19
                93      2            0.66           88.85
                95      2            0.66           89.51
                98      2            0.66           90.17
               102      2            0.66           90.83
               105     28            9.21          100.04


**********************************************************************
**********************************************************************
OVERALL SUMMARY - ALL FOLDERS COMBINED
**********************************************************************
**********************************************************************

======================================================================
SUMMARY
======================================================================

     Metric  Actual Focal Length  35mm Equivalent
      Count           304.000000       304.000000
   Min (mm)            24.000000        24.000000
   Max (mm)           105.000000       105.000000
  Mean (mm)            47.322368        47.322368
Median (mm)            37.500000        37.500000

35mm Equivalent Frequency Distribution:
 Focal Length (mm)  Count  Percentage (%)  Cumulative (%)
                24    130           42.76           42.76
                28     12            3.95           46.71
                32      4            1.32           48.03
                35      6            1.97           50.00
                40     16            5.26           55.26
                45     12            3.95           59.21
                47      8            2.63           61.84
                50     14            4.61           66.45
                55     12            3.95           70.40
                58      8            2.63           73.03
                60      2            0.66           73.69
                65      6            1.97           75.66
                67      4            1.32           76.98
                70      4            1.32           78.30
                73      2            0.66           78.96
                75     10            3.29           82.25
                80      2            0.66           82.91
                82      4            1.32           84.23
                84      4            1.32           85.55
                85      2            0.66           86.21
                90      2            0.66           86.87
                92      4            1.32           88.19
                93      2            0.66           88.85
                95      2            0.66           89.51
                98      2            0.66           90.17
               102      2            0.66           90.83
               105     28            9.21          100.04


Report saved to: D:\camera_kits\focal_length_analysis_20260205_193132\20120625 送别李恩.txt
