ANALYZING FOLDER: F:\PRIVAT W BACKUP\Photos\2009 清华硕士\20120821-30 台湾 香港
======================================================================

Found 2 folder(s) with JPG files
======================================================================

######################################################################
# FOLDER 1/2: (root)
######################################################################

======================================================================
SUMMARY
======================================================================

     Metric  Actual Focal Length  35mm Equivalent
      Count           986.000000       986.000000
   Min (mm)             4.300000        24.000000
   Max (mm)            68.500000       385.000000
  Mean (mm)            11.407911        64.018256
Median (mm)             4.300000        24.000000

35mm Equivalent Frequency Distribution:
 Focal Length (mm)  Count  Percentage (%)  Cumulative (%)
                24    594           60.24           60.24
                25      6            0.61           60.85
                26      2            0.20           61.05
                27      2            0.20           61.25
                28     10            1.01           62.26
                29      4            0.41           62.67
                30     16            1.62           64.29
                31      2            0.20           64.49
                33     12            1.22           65.71
                34      2            0.20           65.91
                35      6            0.61           66.52
                36      4            0.41           66.93
                37      2            0.20           67.13
                38      6            0.61           67.74
                39      4            0.41           68.15
                40     10            1.01           69.16
                41      4            0.41           69.57
                43      8            0.81           70.38
                44      8            0.81           71.19
                45     16            1.62           72.81
                46      4            0.41           73.22
                48      4            0.41           73.63
                49      2            0.20           73.83
                50     10            1.01           74.84
                51      2            0.20           75.04
                53      6            0.61           75.65
                54      8            0.81           76.46
                55      2            0.20           76.66
                57      4            0.41           77.07
                58      4            0.41           77.48
                61      6            0.61           78.09
                62      2            0.20           78.29
                64      8            0.81           79.10
                65      2            0.20           79.30
                67      8            0.81           80.11
                70     10            1.01           81.12
                72     12            1.22           82.34
                76      2            0.20           82.54
                80      2            0.20           82.74
                82      2            0.20           82.94
                84      2            0.20           83.14
                89      4            0.41           83.55
                91      2            0.20           83.75
                94      8            0.81           84.56
                96      8            0.81           85.37
                98      2            0.20           85.57
               101      4            0.41           85.98
               106      4            0.41           86.39
               109      2            0.20           86.59
               117      4            0.41           87.00
               126      4            0.41           87.41
               129      2            0.20           87.61
               132      4            0.41           88.02
               135      2            0.20           88.22
               139      2            0.20           88.42
               142      4            0.41           88.83
               149      2            0.20           89.03
               153      4            0.41           89.44
               161      8            0.81           90.25
               169      2            0.20           90.45
               173      2            0.20           90.65
               178      6            0.61           91.26
               192      2            0.20           91.46
               203      4            0.41           91.87
               215      4            0.41           92.28
               222      2            0.20           92.48
               228      6            0.61           93.09
               242      4            0.41           93.50
               249      2            0.20           93.70
               256      4            0.41           94.11
               280      2            0.20           94.31
               306      2            0.20           94.51
               315      2            0.20           94.71
               345      2            0.20           94.91
               355      2            0.20           95.11
               380      4            0.41           95.52
               385     44            4.46           99.98

######################################################################
# FOLDER 2/2: 台湾 香港 白
######################################################################

======================================================================
SUMMARY
======================================================================

     Metric  Actual Focal Length  35mm Equivalent
      Count            724.00000       724.000000
   Min (mm)             18.00000        27.000000
   Max (mm)             55.00000        82.000000
  Mean (mm)             19.78453        29.616022
Median (mm)             18.00000        27.000000

35mm Equivalent Frequency Distribution:
 Focal Length (mm)  Count  Percentage (%)  Cumulative (%)
                27    558           77.07           77.07
                28     58            8.01           85.08
                30     52            7.18           92.26
                33     10            1.38           93.64
                42      2            0.28           93.92
                43      2            0.28           94.20
                46      8            1.10           95.30
                48      2            0.28           95.58
                51      6            0.83           96.41
                54      2            0.28           96.69
                58      4            0.55           97.24
                63      2            0.28           97.52
                72      2            0.28           97.80
                82     16            2.21          100.01


**********************************************************************
**********************************************************************
OVERALL SUMMARY - ALL FOLDERS COMBINED
**********************************************************************
**********************************************************************

======================================================================
SUMMARY
======================================================================

     Metric  Actual Focal Length  35mm Equivalent
      Count          1710.000000      1710.000000
   Min (mm)             4.300000        24.000000
   Max (mm)            68.500000       385.000000
  Mean (mm)            14.954503        49.452632
Median (mm)            18.000000        27.000000

35mm Equivalent Frequency Distribution:
 Focal Length (mm)  Count  Percentage (%)  Cumulative (%)
                24    594           34.74           34.74
                25      6            0.35           35.09
                26      2            0.12           35.21
                27    560           32.75           67.96
                28     68            3.98           71.94
                29      4            0.23           72.17
                30     68            3.98           76.15
                31      2            0.12           76.27
                33     22            1.29           77.56
                34      2            0.12           77.68
                35      6            0.35           78.03
                36      4            0.23           78.26
                37      2            0.12           78.38
                38      6            0.35           78.73
                39      4            0.23           78.96
                40     10            0.58           79.54
                41      4            0.23           79.77
                42      2            0.12           79.89
                43     10            0.58           80.47
                44      8            0.47           80.94
                45     16            0.94           81.88
                46     12            0.70           82.58
                48      6            0.35           82.93
                49      2            0.12           83.05
                50     10            0.58           83.63
                51      8            0.47           84.10
                53      6            0.35           84.45
                54     10            0.58           85.03
                55      2            0.12           85.15
                57      4            0.23           85.38
                58      8            0.47           85.85
                61      6            0.35           86.20
                62      2            0.12           86.32
                63      2            0.12           86.44
                64      8            0.47           86.91
                65      2            0.12           87.03
                67      8            0.47           87.50
                70     10            0.58           88.08
                72     14            0.82           88.90
                76      2            0.12           89.02
                80      2            0.12           89.14
                82     18            1.05           90.19
                84      2            0.12           90.31
                89      4            0.23           90.54
                91      2            0.12           90.66
                94      8            0.47           91.13
                96      8            0.47           91.60
                98      2            0.12           91.72
               101      4            0.23           91.95
               106      4            0.23           92.18
               109      2            0.12           92.30
               117      4            0.23           92.53
               126      4            0.23           92.76
               129      2            0.12           92.88
               132      4            0.23           93.11
               135      2            0.12           93.23
               139      2            0.12           93.35
               142      4            0.23           93.58
               149      2            0.12           93.70
               153      4            0.23           93.93
               161      8            0.47           94.40
               169      2            0.12           94.52
               173      2            0.12           94.64
               178      6            0.35           94.99
               192      2            0.12           95.11
               203      4            0.23           95.34
               215      4            0.23           95.57
               222      2            0.12           95.69
               228      6            0.35           96.04
               242      4            0.23           96.27
               249      2            0.12           96.39
               256      4            0.23           96.62
               280      2            0.12           96.74
               306      2            0.12           96.86
               315      2            0.12           96.98
               345      2            0.12           97.10
               355      2            0.12           97.22
               380      4            0.23           97.45
               385     44            2.57          100.02


Report saved to: D:\camera_kits\focal_length_analysis_20260205_193132\20120821-30 台湾 香港.txt
