ANALYZING FOLDER: F:\PRIVAT W BACKUP\Photos\2009 清华硕士\20120604-09 Trondheim
======================================================================

Found 2 folder(s) with JPG files
======================================================================

######################################################################
# FOLDER 1/2: (root)
######################################################################

======================================================================
SUMMARY
======================================================================

     Metric  Actual Focal Length  35mm Equivalent
      Count           560.000000           560.00
   Min (mm)             4.300000            24.00
   Max (mm)            68.500000           385.00
  Mean (mm)            13.337143            74.85
Median (mm)             4.300000            24.00

35mm Equivalent Frequency Distribution:
 Focal Length (mm)  Count  Percentage (%)  Cumulative (%)
                24    330           58.93           58.93
                26      4            0.71           59.64
                27      2            0.36           60.00
                28      4            0.71           60.71
                29      4            0.71           61.42
                30      2            0.36           61.78
                31      4            0.71           62.49
                32      6            1.07           63.56
                34      2            0.36           63.92
                35      2            0.36           64.28
                36      2            0.36           64.64
                37      4            0.71           65.35
                38     10            1.79           67.14
                41      2            0.36           67.50
                43      4            0.71           68.21
                44     10            1.79           70.00
                45      4            0.71           70.71
                50      2            0.36           71.07
                51      4            0.71           71.78
                53      2            0.36           72.14
                55      2            0.36           72.50
                58      2            0.36           72.86
                59      2            0.36           73.22
                61      6            1.07           74.29
                62      4            0.71           75.00
                64      2            0.36           75.36
                65      4            0.71           76.07
                67      4            0.71           76.78
                69      2            0.36           77.14
                70      8            1.43           78.57
                72      4            0.71           79.28
                76      6            1.07           80.35
                78      8            1.43           81.78
                82      2            0.36           82.14
                84      2            0.36           82.50
                91      2            0.36           82.86
                94      2            0.36           83.22
                96      2            0.36           83.58
               101      2            0.36           83.94
               114      2            0.36           84.30
               117      2            0.36           84.66
               123      2            0.36           85.02
               126      2            0.36           85.38
               129      4            0.71           86.09
               135      2            0.36           86.45
               142      2            0.36           86.81
               161      4            0.71           87.52
               182      2            0.36           87.88
               187      2            0.36           88.24
               209      2            0.36           88.60
               222      4            0.71           89.31
               235      4            0.71           90.02
               249      2            0.36           90.38
               264      2            0.36           90.74
               272      2            0.36           91.10
               364      2            0.36           91.46
               385     48            8.57          100.03

######################################################################
# FOLDER 2/2: Selected
######################################################################

======================================================================
SUMMARY
======================================================================

     Metric  Actual Focal Length  35mm Equivalent
      Count            94.000000        94.000000
   Min (mm)             4.300000        24.000000
   Max (mm)            68.500000       385.000000
  Mean (mm)            16.193617        90.893617
Median (mm)             4.300000        24.000000

35mm Equivalent Frequency Distribution:
 Focal Length (mm)  Count  Percentage (%)  Cumulative (%)
                24     54           57.45           57.45
                26      2            2.13           59.58
                28      2            2.13           61.71
                31      4            4.26           65.97
                43      2            2.13           68.10
                62      2            2.13           70.23
                65      2            2.13           72.36
                70      6            6.38           78.74
                82      2            2.13           80.87
               142      2            2.13           83.00
               209      2            2.13           85.13
               385     14           14.89          100.02


**********************************************************************
**********************************************************************
OVERALL SUMMARY - ALL FOLDERS COMBINED
**********************************************************************
**********************************************************************

======================================================================
SUMMARY
======================================================================

     Metric  Actual Focal Length  35mm Equivalent
      Count           654.000000       654.000000
   Min (mm)             4.300000        24.000000
   Max (mm)            68.500000       385.000000
  Mean (mm)            13.747706        77.155963
Median (mm)             4.300000        24.000000

35mm Equivalent Frequency Distribution:
 Focal Length (mm)  Count  Percentage (%)  Cumulative (%)
                24    384           58.72           58.72
                26      6            0.92           59.64
                27      2            0.31           59.95
                28      6            0.92           60.87
                29      4            0.61           61.48
                30      2            0.31           61.79
                31      8            1.22           63.01
                32      6            0.92           63.93
                34      2            0.31           64.24
                35      2            0.31           64.55
                36      2            0.31           64.86
                37      4            0.61           65.47
                38     10            1.53           67.00
                41      2            0.31           67.31
                43      6            0.92           68.23
                44     10            1.53           69.76
                45      4            0.61           70.37
                50      2            0.31           70.68
                51      4            0.61           71.29
                53      2            0.31           71.60
                55      2            0.31           71.91
                58      2            0.31           72.22
                59      2            0.31           72.53
                61      6            0.92           73.45
                62      6            0.92           74.37
                64      2            0.31           74.68
                65      6            0.92           75.60
                67      4            0.61           76.21
                69      2            0.31           76.52
                70     14            2.14           78.66
                72      4            0.61           79.27
                76      6            0.92           80.19
                78      8            1.22           81.41
                82      4            0.61           82.02
                84      2            0.31           82.33
                91      2            0.31           82.64
                94      2            0.31           82.95
                96      2            0.31           83.26
               101      2            0.31           83.57
               114      2            0.31           83.88
               117      2            0.31           84.19
               123      2            0.31           84.50
               126      2            0.31           84.81
               129      4            0.61           85.42
               135      2            0.31           85.73
               142      4            0.61           86.34
               161      4            0.61           86.95
               182      2            0.31           87.26
               187      2            0.31           87.57
               209      4            0.61           88.18
               222      4            0.61           88.79
               235      4            0.61           89.40
               249      2            0.31           89.71
               264      2            0.31           90.02
               272      2            0.31           90.33
               364      2            0.31           90.64
               385     62            9.48          100.12


Report saved to: D:\camera_kits\focal_length_analysis_20260205_193132\20120604-09 Trondheim.txt
