ANALYZING FOLDER: F:\PRIVAT W BACKUP\Photos\2009 清华硕士\20120907-10 黄山 景德镇
======================================================================

Found 2 folder(s) with JPG files
======================================================================

######################################################################
# FOLDER 1/2: (root)
######################################################################

======================================================================
SUMMARY
======================================================================

     Metric  Actual Focal Length  35mm Equivalent
      Count           476.000000       476.000000
   Min (mm)             4.500000        25.000000
   Max (mm)            89.000000       500.000000
  Mean (mm)            12.086975        67.705882
Median (mm)             4.500000        25.000000

35mm Equivalent Frequency Distribution:
 Focal Length (mm)  Count  Percentage (%)  Cumulative (%)
                25    356           74.79           74.79
                26      2            0.42           75.21
                30      2            0.42           75.63
                32      2            0.42           76.05
                33      4            0.84           76.89
                35      2            0.42           77.31
                39      2            0.42           77.73
                43      2            0.42           78.15
                45      2            0.42           78.57
                46      2            0.42           78.99
                54      4            0.84           79.83
                58      2            0.42           80.25
                63      2            0.42           80.67
                65      4            0.84           81.51
                66      2            0.42           81.93
                68      2            0.42           82.35
                70      2            0.42           82.77
                72      2            0.42           83.19
                74      4            0.84           84.03
                83      2            0.42           84.45
                88      2            0.42           84.87
                93      2            0.42           85.29
               109      2            0.42           85.71
               113      2            0.42           86.13
               119      2            0.42           86.55
               125      2            0.42           86.97
               132      2            0.42           87.39
               140      4            0.84           88.23
               143      6            1.26           89.49
               147      4            0.84           90.33
               160      2            0.42           90.75
               205      2            0.42           91.17
               222      2            0.42           91.59
               248      2            0.42           92.01
               269      2            0.42           92.43
               276      4            0.84           93.27
               291      4            0.84           94.11
               315      2            0.42           94.53
               367      2            0.42           94.95
               387      2            0.42           95.37
               408      2            0.42           95.79
               467      2            0.42           96.21
               477      2            0.42           96.63
               495      2            0.42           97.05
               500     14            2.94           99.99

######################################################################
# FOLDER 2/2: 黄辰
######################################################################

======================================================================
SUMMARY
======================================================================

     Metric  Actual Focal Length  35mm Equivalent
      Count           376.000000       376.000000
   Min (mm)            15.100000        28.000000
   Max (mm)            60.400000       112.000000
  Mean (mm)            19.189362        35.537234
Median (mm)            15.100000        28.000000

35mm Equivalent Frequency Distribution:
 Focal Length (mm)  Count  Percentage (%)  Cumulative (%)
                28    316           84.04           84.04
                32      2            0.53           84.57
                42      2            0.53           85.10
                46      2            0.53           85.63
                52      2            0.53           86.16
                55      4            1.06           87.22
                56      6            1.60           88.82
                58      4            1.06           89.88
                63      2            0.53           90.41
                64      2            0.53           90.94
                66      2            0.53           91.47
                69      2            0.53           92.00
                70      2            0.53           92.53
                75      4            1.06           93.59
                76      2            0.53           94.12
                83      2            0.53           94.65
                84      2            0.53           95.18
                85      2            0.53           95.71
                97      2            0.53           96.24
               112     14            3.72           99.96


**********************************************************************
**********************************************************************
OVERALL SUMMARY - ALL FOLDERS COMBINED
**********************************************************************
**********************************************************************

======================================================================
SUMMARY
======================================================================

     Metric  Actual Focal Length  35mm Equivalent
      Count           852.000000        852.00000
   Min (mm)             4.500000         25.00000
   Max (mm)            89.000000        500.00000
  Mean (mm)            15.221362         53.50939
Median (mm)            15.100000         28.00000

35mm Equivalent Frequency Distribution:
 Focal Length (mm)  Count  Percentage (%)  Cumulative (%)
                25    356           41.78           41.78
                26      2            0.23           42.01
                28    316           37.09           79.10
                30      2            0.23           79.33
                32      4            0.47           79.80
                33      4            0.47           80.27
                35      2            0.23           80.50
                39      2            0.23           80.73
                42      2            0.23           80.96
                43      2            0.23           81.19
                45      2            0.23           81.42
                46      4            0.47           81.89
                52      2            0.23           82.12
                54      4            0.47           82.59
                55      4            0.47           83.06
                56      6            0.70           83.76
                58      6            0.70           84.46
                63      4            0.47           84.93
                64      2            0.23           85.16
                65      4            0.47           85.63
                66      4            0.47           86.10
                68      2            0.23           86.33
                69      2            0.23           86.56
                70      4            0.47           87.03
                72      2            0.23           87.26
                74      4            0.47           87.73
                75      4            0.47           88.20
                76      2            0.23           88.43
                83      4            0.47           88.90
                84      2            0.23           89.13
                85      2            0.23           89.36
                88      2            0.23           89.59
                93      2            0.23           89.82
                97      2            0.23           90.05
               109      2            0.23           90.28
               112     14            1.64           91.92
               113      2            0.23           92.15
               119      2            0.23           92.38
               125      2            0.23           92.61
               132      2            0.23           92.84
               140      4            0.47           93.31
               143      6            0.70           94.01
               147      4            0.47           94.48
               160      2            0.23           94.71
               205      2            0.23           94.94
               222      2            0.23           95.17
               248      2            0.23           95.40
               269      2            0.23           95.63
               276      4            0.47           96.10
               291      4            0.47           96.57
               315      2            0.23           96.80
               367      2            0.23           97.03
               387      2            0.23           97.26
               408      2            0.23           97.49
               467      2            0.23           97.72
               477      2            0.23           97.95
               495      2            0.23           98.18
               500     14            1.64           99.82


Report saved to: D:\camera_kits\focal_length_analysis_20260205_193132\20120907-10 黄山 景德镇.txt
