ANALYZING FOLDER: F:\PRIVAT W BACKUP\Photos\2012 NTNU PhD\20130322-25 Stavanger
======================================================================

Found 2 folder(s) with JPG files
======================================================================

######################################################################
# FOLDER 1/2: (root)
######################################################################

======================================================================
SUMMARY
======================================================================

     Metric  Actual Focal Length  35mm Equivalent
      Count            480.00000          480.000
   Min (mm)              4.50000           25.000
   Max (mm)             89.00000          500.000
  Mean (mm)             17.36125           97.425
Median (mm)              4.50000           25.000

35mm Equivalent Frequency Distribution:
 Focal Length (mm)  Count  Percentage (%)  Cumulative (%)
                25    256           53.33           53.33
                26      8            1.67           55.00
                27      6            1.25           56.25
                28      2            0.42           56.67
                30      2            0.42           57.09
                32      2            0.42           57.51
                33      2            0.42           57.93
                34      4            0.83           58.76
                35      2            0.42           59.18
                36      2            0.42           59.60
                38     10            2.08           61.68
                40      2            0.42           62.10
                41      2            0.42           62.52
                42      2            0.42           62.94
                46      2            0.42           63.36
                51      4            0.83           64.19
                53     12            2.50           66.69
                54      4            0.83           67.52
                58      6            1.25           68.77
                61      2            0.42           69.19
                65      2            0.42           69.61
                66      2            0.42           70.03
                74      2            0.42           70.45
                81      4            0.83           71.28
                86      2            0.42           71.70
                88      2            0.42           72.12
                90      4            0.83           72.95
                98      2            0.42           73.37
               101      2            0.42           73.79
               104      2            0.42           74.21
               107      6            1.25           75.46
               109      2            0.42           75.88
               125      2            0.42           76.30
               151      4            0.83           77.13
               164      2            0.42           77.55
               174      6            1.25           78.80
               183      4            0.83           79.63
               189      4            0.83           80.46
               194      2            0.42           80.88
               199      4            0.83           81.71
               205      4            0.83           82.54
               211      4            0.83           83.37
               222     10            2.08           85.45
               229      2            0.42           85.87
               235      4            0.83           86.70
               241      2            0.42           87.12
               248      4            0.83           87.95
               255      2            0.42           88.37
               269      6            1.25           89.62
               276      4            0.83           90.45
               307      2            0.42           90.87
               315      4            0.83           91.70
               340      8            1.67           93.37
               377      2            0.42           93.79
               397      6            1.25           95.04
               443      4            0.83           95.87
               467      2            0.42           96.29
               500     18            3.75          100.04

######################################################################
# FOLDER 2/2: Patty Cam
######################################################################

======================================================================
SUMMARY
======================================================================

     Metric  Actual Focal Length  35mm Equivalent
      Count            58.000000        58.000000
   Min (mm)             4.300000        24.000000
   Max (mm)            67.000000       377.000000
  Mean (mm)             7.389655        41.448276
Median (mm)             4.300000        24.000000

35mm Equivalent Frequency Distribution:
 Focal Length (mm)  Count  Percentage (%)  Cumulative (%)
                24     36           62.07           62.07
                25      2            3.45           65.52
                26      2            3.45           68.97
                27      4            6.90           75.87
                28      2            3.45           79.32
                29      2            3.45           82.77
                39      2            3.45           86.22
                46      2            3.45           89.67
                57      2            3.45           93.12
                89      2            3.45           96.57
               377      2            3.45          100.02


**********************************************************************
**********************************************************************
OVERALL SUMMARY - ALL FOLDERS COMBINED
**********************************************************************
**********************************************************************

======================================================================
SUMMARY
======================================================================

     Metric  Actual Focal Length  35mm Equivalent
      Count           538.000000       538.000000
   Min (mm)             4.300000        24.000000
   Max (mm)            89.000000       500.000000
  Mean (mm)            16.286245        91.390335
Median (mm)             4.500000        25.000000

35mm Equivalent Frequency Distribution:
 Focal Length (mm)  Count  Percentage (%)  Cumulative (%)
                24     36            6.69            6.69
                25    258           47.96           54.65
                26     10            1.86           56.51
                27     10            1.86           58.37
                28      4            0.74           59.11
                29      2            0.37           59.48
                30      2            0.37           59.85
                32      2            0.37           60.22
                33      2            0.37           60.59
                34      4            0.74           61.33
                35      2            0.37           61.70
                36      2            0.37           62.07
                38     10            1.86           63.93
                39      2            0.37           64.30
                40      2            0.37           64.67
                41      2            0.37           65.04
                42      2            0.37           65.41
                46      4            0.74           66.15
                51      4            0.74           66.89
                53     12            2.23           69.12
                54      4            0.74           69.86
                57      2            0.37           70.23
                58      6            1.12           71.35
                61      2            0.37           71.72
                65      2            0.37           72.09
                66      2            0.37           72.46
                74      2            0.37           72.83
                81      4            0.74           73.57
                86      2            0.37           73.94
                88      2            0.37           74.31
                89      2            0.37           74.68
                90      4            0.74           75.42
                98      2            0.37           75.79
               101      2            0.37           76.16
               104      2            0.37           76.53
               107      6            1.12           77.65
               109      2            0.37           78.02
               125      2            0.37           78.39
               151      4            0.74           79.13
               164      2            0.37           79.50
               174      6            1.12           80.62
               183      4            0.74           81.36
               189      4            0.74           82.10
               194      2            0.37           82.47
               199      4            0.74           83.21
               205      4            0.74           83.95
               211      4            0.74           84.69
               222     10            1.86           86.55
               229      2            0.37           86.92
               235      4            0.74           87.66
               241      2            0.37           88.03
               248      4            0.74           88.77
               255      2            0.37           89.14
               269      6            1.12           90.26
               276      4            0.74           91.00
               307      2            0.37           91.37
               315      4            0.74           92.11
               340      8            1.49           93.60
               377      4            0.74           94.34
               397      6            1.12           95.46
               443      4            0.74           96.20
               467      2            0.37           96.57
               500     18            3.35           99.92


Report saved to: D:\camera_kits\focal_length_analysis_20260205_193132\20130322-25 Stavanger.txt
