ANALYZING FOLDER: F:\PRIVAT W BACKUP\Photos\2012 NTNU PhD\20130607-13 OSL STO Halden
======================================================================

Found 2 folder(s) with JPG files
======================================================================

######################################################################
# FOLDER 1/2: (root)
######################################################################

======================================================================
SUMMARY
======================================================================

     Metric  Actual Focal Length  35mm Equivalent
      Count           936.000000       936.000000
   Min (mm)             4.500000        25.000000
   Max (mm)            89.000000       500.000000
  Mean (mm)            13.866026        77.735043
Median (mm)             4.500000        25.000000

35mm Equivalent Frequency Distribution:
 Focal Length (mm)  Count  Percentage (%)  Cumulative (%)
                25    540           57.69           57.69
                26      6            0.64           58.33
                27      4            0.43           58.76
                28      2            0.21           58.97
                29      2            0.21           59.18
                30      2            0.21           59.39
                31      4            0.43           59.82
                32      8            0.85           60.67
                33      2            0.21           60.88
                34      6            0.64           61.52
                35      8            0.85           62.37
                36      6            0.64           63.01
                38      6            0.64           63.65
                39     10            1.07           64.72
                40      2            0.21           64.93
                41      2            0.21           65.14
                42      6            0.64           65.78
                43      8            0.85           66.63
                45     10            1.07           67.70
                46      6            0.64           68.34
                47      6            0.64           68.98
                49      8            0.85           69.83
                50      4            0.43           70.26
                51      6            0.64           70.90
                53      6            0.64           71.54
                54      2            0.21           71.75
                56     10            1.07           72.82
                58      2            0.21           73.03
                59     16            1.71           74.74
                61      2            0.21           74.95
                63      4            0.43           75.38
                66      6            0.64           76.02
                68      2            0.21           76.23
                72      4            0.43           76.66
                74      2            0.21           76.87
                76      4            0.43           77.30
                81      4            0.43           77.73
                86      6            0.64           78.37
                88      4            0.43           78.80
                90      6            0.64           79.44
                93     14            1.50           80.94
                98      2            0.21           81.15
               107      2            0.21           81.36
               109      2            0.21           81.57
               113      2            0.21           81.78
               116      8            0.85           82.63
               119      6            0.64           83.27
               122      6            0.64           83.91
               125      4            0.43           84.34
               129      4            0.43           84.77
               136      2            0.21           84.98
               140      2            0.21           85.19
               143      2            0.21           85.40
               147      2            0.21           85.61
               156      4            0.43           86.04
               160      2            0.21           86.25
               164      6            0.64           86.89
               169      4            0.43           87.32
               174      4            0.43           87.75
               178      6            0.64           88.39
               183      4            0.43           88.82
               189      4            0.43           89.25
               199      2            0.21           89.46
               205      2            0.21           89.67
               211      6            0.64           90.31
               216      2            0.21           90.52
               241      2            0.21           90.73
               255      6            0.64           91.37
               262      6            0.64           92.01
               269      6            0.64           92.65
               276      2            0.21           92.86
               291      4            0.43           93.29
               315      2            0.21           93.50
               323      2            0.21           93.71
               331      4            0.43           94.14
               340      2            0.21           94.35
               348      2            0.21           94.56
               357      8            0.85           95.41
               367      2            0.21           95.62
               420      4            0.43           96.05
               467      4            0.43           96.48
               477      2            0.21           96.69
               483      2            0.21           96.90
               491      2            0.21           97.11
               500     26            2.78           99.89

######################################################################
# FOLDER 2/2: STO En
######################################################################

======================================================================
SUMMARY
======================================================================

     Metric  Actual Focal Length  35mm Equivalent
      Count                  8.0             8.00
   Min (mm)                 21.0            34.00
   Max (mm)                 49.0            78.00
  Mean (mm)                 31.0            49.75
Median (mm)                 27.0            43.50

35mm Equivalent Frequency Distribution:
 Focal Length (mm)  Count  Percentage (%)  Cumulative (%)
                34      4            50.0            50.0
                53      2            25.0            75.0
                78      2            25.0           100.0


**********************************************************************
**********************************************************************
OVERALL SUMMARY - ALL FOLDERS COMBINED
**********************************************************************
**********************************************************************

======================================================================
SUMMARY
======================================================================

     Metric  Actual Focal Length  35mm Equivalent
      Count           944.000000       944.000000
   Min (mm)             4.500000        25.000000
   Max (mm)            89.000000       500.000000
  Mean (mm)            14.011229        77.497881
Median (mm)             4.500000        25.000000

35mm Equivalent Frequency Distribution:
 Focal Length (mm)  Count  Percentage (%)  Cumulative (%)
                25    540           57.20           57.20
                26      6            0.64           57.84
                27      4            0.42           58.26
                28      2            0.21           58.47
                29      2            0.21           58.68
                30      2            0.21           58.89
                31      4            0.42           59.31
                32      8            0.85           60.16
                33      2            0.21           60.37
                34     10            1.06           61.43
                35      8            0.85           62.28
                36      6            0.64           62.92
                38      6            0.64           63.56
                39     10            1.06           64.62
                40      2            0.21           64.83
                41      2            0.21           65.04
                42      6            0.64           65.68
                43      8            0.85           66.53
                45     10            1.06           67.59
                46      6            0.64           68.23
                47      6            0.64           68.87
                49      8            0.85           69.72
                50      4            0.42           70.14
                51      6            0.64           70.78
                53      8            0.85           71.63
                54      2            0.21           71.84
                56     10            1.06           72.90
                58      2            0.21           73.11
                59     16            1.69           74.80
                61      2            0.21           75.01
                63      4            0.42           75.43
                66      6            0.64           76.07
                68      2            0.21           76.28
                72      4            0.42           76.70
                74      2            0.21           76.91
                76      4            0.42           77.33
                78      2            0.21           77.54
                81      4            0.42           77.96
                86      6            0.64           78.60
                88      4            0.42           79.02
                90      6            0.64           79.66
                93     14            1.48           81.14
                98      2            0.21           81.35
               107      2            0.21           81.56
               109      2            0.21           81.77
               113      2            0.21           81.98
               116      8            0.85           82.83
               119      6            0.64           83.47
               122      6            0.64           84.11
               125      4            0.42           84.53
               129      4            0.42           84.95
               136      2            0.21           85.16
               140      2            0.21           85.37
               143      2            0.21           85.58
               147      2            0.21           85.79
               156      4            0.42           86.21
               160      2            0.21           86.42
               164      6            0.64           87.06
               169      4            0.42           87.48
               174      4            0.42           87.90
               178      6            0.64           88.54
               183      4            0.42           88.96
               189      4            0.42           89.38
               199      2            0.21           89.59
               205      2            0.21           89.80
               211      6            0.64           90.44
               216      2            0.21           90.65
               241      2            0.21           90.86
               255      6            0.64           91.50
               262      6            0.64           92.14
               269      6            0.64           92.78
               276      2            0.21           92.99
               291      4            0.42           93.41
               315      2            0.21           93.62
               323      2            0.21           93.83
               331      4            0.42           94.25
               340      2            0.21           94.46
               348      2            0.21           94.67
               357      8            0.85           95.52
               367      2            0.21           95.73
               420      4            0.42           96.15
               467      4            0.42           96.57
               477      2            0.21           96.78
               483      2            0.21           96.99
               491      2            0.21           97.20
               500     26            2.75           99.95


Report saved to: D:\camera_kits\focal_length_analysis_20260205_193132\20130607-13 OSL STO Halden.txt
