ANALYZING FOLDER: F:\PRIVAT W BACKUP\Photos\2012 NTNU PhD\20140401 Kyllingstup
======================================================================

Found 1 folder(s) with JPG files
======================================================================

######################################################################
# FOLDER 1/1: (root)
######################################################################

======================================================================
SUMMARY
======================================================================

     Metric  Actual Focal Length  35mm Equivalent
      Count            128.00000       128.000000
   Min (mm)              4.50000        25.000000
   Max (mm)             83.00000       467.000000
  Mean (mm)             24.95625       140.171875
Median (mm)             22.30000       125.000000

35mm Equivalent Frequency Distribution:
 Focal Length (mm)  Count  Percentage (%)  Cumulative (%)
                25     16           12.50           12.50
                29      2            1.56           14.06
                32      4            3.12           17.18
                63      2            1.56           18.74
                65     12            9.38           28.12
                68      4            3.12           31.24
                72      2            1.56           32.80
                74      2            1.56           34.36
                76      2            1.56           35.92
                86      2            1.56           37.48
                98      4            3.12           40.60
               101      6            4.69           45.29
               109      2            1.56           46.85
               125      6            4.69           51.54
               129      2            1.56           53.10
               140      8            6.25           59.35
               147      4            3.12           62.47
               160      4            3.12           65.59
               183     14           10.94           76.53
               199      2            1.56           78.09
               216      2            1.56           79.65
               222      8            6.25           85.90
               229      2            1.56           87.46
               241      2            1.56           89.02
               248      2            1.56           90.58
               255      2            1.56           92.14
               307      2            1.56           93.70
               323      2            1.56           95.26
               387      2            1.56           96.82
               454      2            1.56           98.38
               467      2            1.56           99.94


**********************************************************************
**********************************************************************
OVERALL SUMMARY - ALL FOLDERS COMBINED
**********************************************************************
**********************************************************************

======================================================================
SUMMARY
======================================================================

     Metric  Actual Focal Length  35mm Equivalent
      Count            128.00000       128.000000
   Min (mm)              4.50000        25.000000
   Max (mm)             83.00000       467.000000
  Mean (mm)             24.95625       140.171875
Median (mm)             22.30000       125.000000

35mm Equivalent Frequency Distribution:
 Focal Length (mm)  Count  Percentage (%)  Cumulative (%)
                25     16           12.50           12.50
                29      2            1.56           14.06
                32      4            3.12           17.18
                63      2            1.56           18.74
                65     12            9.38           28.12
                68      4            3.12           31.24
                72      2            1.56           32.80
                74      2            1.56           34.36
                76      2            1.56           35.92
                86      2            1.56           37.48
                98      4            3.12           40.60
               101      6            4.69           45.29
               109      2            1.56           46.85
               125      6            4.69           51.54
               129      2            1.56           53.10
               140      8            6.25           59.35
               147      4            3.12           62.47
               160      4            3.12           65.59
               183     14           10.94           76.53
               199      2            1.56           78.09
               216      2            1.56           79.65
               222      8            6.25           85.90
               229      2            1.56           87.46
               241      2            1.56           89.02
               248      2            1.56           90.58
               255      2            1.56           92.14
               307      2            1.56           93.70
               323      2            1.56           95.26
               387      2            1.56           96.82
               454      2            1.56           98.38
               467      2            1.56           99.94


Report saved to: D:\camera_kits\focal_length_analysis_20260205_193132\20140401 Kyllingstup.txt
