ANALYZING FOLDER: F:\PRIVAT W BACKUP\Photos\2023 NOBA\20251025-30 Hellas
======================================================================

Found 2 folder(s) with JPG files
======================================================================

######################################################################
# FOLDER 1/2: (root)
######################################################################

======================================================================
SUMMARY
======================================================================

     Metric  Actual Focal Length  35mm Equivalent
      Count           964.000000       964.000000
   Min (mm)             4.100000        24.000000
   Max (mm)           123.000000       720.000000
  Mean (mm)            10.411411        60.941909
Median (mm)             4.100000        24.000000

35mm Equivalent Frequency Distribution:
 Focal Length (mm)  Count  Percentage (%)  Cumulative (%)
                24    704           73.03           73.03
                25      2            0.21           73.24
                27      4            0.41           73.65
                28      4            0.41           74.06
                30      4            0.41           74.47
                31     16            1.66           76.13
                32     12            1.24           77.37
                37      2            0.21           77.58
                41      2            0.21           77.79
                43     14            1.45           79.24
                44      6            0.62           79.86
                46      4            0.41           80.27
                48      6            0.62           80.89
                52      2            0.21           81.10
                54      4            0.41           81.51
                56      6            0.62           82.13
                58      4            0.41           82.54
                60      2            0.21           82.75
                62      6            0.62           83.37
                64      4            0.41           83.78
                66     10            1.04           84.82
                68     10            1.04           85.86
                75      2            0.21           86.07
                78      6            0.62           86.69
                80      4            0.41           87.10
                90      6            0.62           87.72
                93      4            0.41           88.13
                96      2            0.21           88.34
               108      2            0.21           88.55
               112     10            1.04           89.59
               115      2            0.21           89.80
               123      4            0.41           90.21
               127      2            0.21           90.42
               131      4            0.41           90.83
               139      2            0.21           91.04
               143      6            0.62           91.66
               146      6            0.62           92.28
               154      6            0.62           92.90
               163      2            0.21           93.11
               168     12            1.24           94.35
               189      2            0.21           94.56
               200      2            0.21           94.77
               206      4            0.41           95.18
               225      2            0.21           95.39
               247      4            0.41           95.80
               262      2            0.21           96.01
               300      2            0.21           96.22
               308      2            0.21           96.43
               389      2            0.21           96.64
               484      2            0.21           96.85
               514      2            0.21           97.06
               528      2            0.21           97.27
               556      2            0.21           97.48
               585      2            0.21           97.69
               600      4            0.41           98.10
               654      2            0.21           98.31
               688      4            0.41           98.72
               702      2            0.21           98.93
               720     10            1.04           99.97

######################################################################
# FOLDER 2/2: S25
######################################################################

======================================================================
SUMMARY
======================================================================

     Metric  Actual Focal Length  35mm Equivalent
      Count           390.000000       390.000000
   Min (mm)             2.200000        13.000000
   Max (mm)             7.000000       230.000000
  Mean (mm)             5.107692        33.302564
Median (mm)             5.400000        23.000000

35mm Equivalent Frequency Distribution:
 Focal Length (mm)  Count  Percentage (%)  Cumulative (%)
                13     44           11.28           11.28
                18      2            0.51           11.79
                23    208           53.33           65.12
                25     14            3.59           68.71
                29     22            5.64           74.35
                34      2            0.51           74.86
                39      4            1.03           75.89
                46     22            5.64           81.53
                69     68           17.44           98.97
               110      2            0.51           99.48
               230      2            0.51           99.99


**********************************************************************
**********************************************************************
OVERALL SUMMARY - ALL FOLDERS COMBINED
**********************************************************************
**********************************************************************

======================================================================
SUMMARY
======================================================================

     Metric  Actual Focal Length  35mm Equivalent
      Count          1354.000000      1354.000000
   Min (mm)             2.200000        13.000000
   Max (mm)           123.000000       720.000000
  Mean (mm)             8.883752        52.980798
Median (mm)             4.100000        24.000000

35mm Equivalent Frequency Distribution:
 Focal Length (mm)  Count  Percentage (%)  Cumulative (%)
                13     44            3.25            3.25
                18      2            0.15            3.40
                23    208           15.36           18.76
                24    704           51.99           70.75
                25     16            1.18           71.93
                27      4            0.30           72.23
                28      4            0.30           72.53
                29     22            1.62           74.15
                30      4            0.30           74.45
                31     16            1.18           75.63
                32     12            0.89           76.52
                34      2            0.15           76.67
                37      2            0.15           76.82
                39      4            0.30           77.12
                41      2            0.15           77.27
                43     14            1.03           78.30
                44      6            0.44           78.74
                46     26            1.92           80.66
                48      6            0.44           81.10
                52      2            0.15           81.25
                54      4            0.30           81.55
                56      6            0.44           81.99
                58      4            0.30           82.29
                60      2            0.15           82.44
                62      6            0.44           82.88
                64      4            0.30           83.18
                66     10            0.74           83.92
                68     10            0.74           84.66
                69     68            5.02           89.68
                75      2            0.15           89.83
                78      6            0.44           90.27
                80      4            0.30           90.57
                90      6            0.44           91.01
                93      4            0.30           91.31
                96      2            0.15           91.46
               108      2            0.15           91.61
               110      2            0.15           91.76
               112     10            0.74           92.50
               115      2            0.15           92.65
               123      4            0.30           92.95
               127      2            0.15           93.10
               131      4            0.30           93.40
               139      2            0.15           93.55
               143      6            0.44           93.99
               146      6            0.44           94.43
               154      6            0.44           94.87
               163      2            0.15           95.02
               168     12            0.89           95.91
               189      2            0.15           96.06
               200      2            0.15           96.21
               206      4            0.30           96.51
               225      2            0.15           96.66
               230      2            0.15           96.81
               247      4            0.30           97.11
               262      2            0.15           97.26
               300      2            0.15           97.41
               308      2            0.15           97.56
               389      2            0.15           97.71
               484      2            0.15           97.86
               514      2            0.15           98.01
               528      2            0.15           98.16
               556      2            0.15           98.31
               585      2            0.15           98.46
               600      4            0.30           98.76
               654      2            0.15           98.91
               688      4            0.30           99.21
               702      2            0.15           99.36
               720     10            0.74          100.10


Report saved to: D:\camera_kits\focal_length_analysis_20260205_193132\20251025-30 Hellas.txt
