ANALYZING FOLDER: F:\PRIVAT W BACKUP\Photos\09 Huawei P30 - 201907-202301
======================================================================

Found 1 folder(s) with JPG files
======================================================================

######################################################################
# FOLDER 1/1: (root)
######################################################################

======================================================================
SUMMARY
======================================================================

     Metric  Actual Focal Length  35mm Equivalent
      Count          1940.000000      1940.000000
   Min (mm)             2.300000        15.000000
   Max (mm)             7.500000       802.000000
  Mean (mm)             5.104433        29.096907
Median (mm)             5.600000        27.000000

35mm Equivalent Frequency Distribution:
 Focal Length (mm)  Count  Percentage (%)  Cumulative (%)
                15     14            0.72            0.72
                17    256           13.20           13.92
                24      2            0.10           14.02
                26     70            3.61           17.63
                27   1520           78.35           95.98
                28      4            0.21           96.19
                31      2            0.10           96.29
                35      2            0.10           96.39
                36      6            0.31           96.70
                38      2            0.10           96.80
                40      2            0.10           96.90
                41      2            0.10           97.00
                49      4            0.21           97.21
                50      4            0.21           97.42
                54      2            0.10           97.52
                55      4            0.21           97.73
                56      4            0.21           97.94
                58      2            0.10           98.04
                62      2            0.10           98.14
                74      2            0.10           98.24
                75      2            0.10           98.34
                82      2            0.10           98.44
                94      6            0.31           98.75
               100      2            0.10           98.85
               104      2            0.10           98.95
               135      8            0.41           99.36
               145      2            0.10           99.46
               213      2            0.10           99.56
               222      2            0.10           99.66
               402      2            0.10           99.76
               505      2            0.10           99.86
               802      2            0.10           99.96

Files without EXIF/focal length data: 340
Files without 35mm equivalent data (skipped): 4


**********************************************************************
**********************************************************************
OVERALL SUMMARY - ALL FOLDERS COMBINED
**********************************************************************
**********************************************************************

======================================================================
SUMMARY
======================================================================

     Metric  Actual Focal Length  35mm Equivalent
      Count          1940.000000      1940.000000
   Min (mm)             2.300000        15.000000
   Max (mm)             7.500000       802.000000
  Mean (mm)             5.104433        29.096907
Median (mm)             5.600000        27.000000

35mm Equivalent Frequency Distribution:
 Focal Length (mm)  Count  Percentage (%)  Cumulative (%)
                15     14            0.72            0.72
                17    256           13.20           13.92
                24      2            0.10           14.02
                26     70            3.61           17.63
                27   1520           78.35           95.98
                28      4            0.21           96.19
                31      2            0.10           96.29
                35      2            0.10           96.39
                36      6            0.31           96.70
                38      2            0.10           96.80
                40      2            0.10           96.90
                41      2            0.10           97.00
                49      4            0.21           97.21
                50      4            0.21           97.42
                54      2            0.10           97.52
                55      4            0.21           97.73
                56      4            0.21           97.94
                58      2            0.10           98.04
                62      2            0.10           98.14
                74      2            0.10           98.24
                75      2            0.10           98.34
                82      2            0.10           98.44
                94      6            0.31           98.75
               100      2            0.10           98.85
               104      2            0.10           98.95
               135      8            0.41           99.36
               145      2            0.10           99.46
               213      2            0.10           99.56
               222      2            0.10           99.66
               402      2            0.10           99.76
               505      2            0.10           99.86
               802      2            0.10           99.96


Report saved to: D:\camera_kits\focal_length_analysis\09 Huawei P30 - 201907-202301_2026-01-16_23.49.53.txt
